4294967279,572
57,4
57,3
57,2
57,1
4294967294,437
56,6
56,5
56,4
56,3
56,2
56,1
4294967278,379
55,5
55,4
55,3
55,2
55,1
4294967278,378
4294967279,571
54,5
54,4
54,3
54,2
54,1
4294967278,377
53,5
53,4
53,3
53,2
53,1
52,4
52,3
52,2
52,1
4294967278,376
4294967278,375
4294967279,570
51,6
51,5
51,4
51,3
51,2
51,1
50,5
50,4
50,3
50,2
50,1
4294967278,374
4294967279,569
4294967279,568
4294967279,567
49,5
49,4
49,3
49,2
49,1
4294967279,566
4294967278,373
48,5
48,4
48,3
48,2
48,1
47,4
47,3
47,2
47,1
4294967279,565
4294967279,564
4294967279,563
4294967278,372
4294967278,371
4294967278,370
4294967279,562
4294967278,369
46,4
46,3
46,2
46,1
45,6
45,5
45,4
45,3
45,2
45,1
44,5
44,4
44,3
44,2
44,1
4294967278,368
4294967279,561
43,5
43,4
43,3
43,2
43,1
4294967279,560
4294967278,367
42,5
42,4
42,3
42,2
42,1
41,4
41,3
41,2
41,1
4294967279,559
4294967278,366
4294967278,365
4294967279,558
4294967278,364
4294967278,363
40,4
40,3
40,2
40,1
39,6
39,5
39,4
39,3
39,2
39,1
4294967278,362
38,5
4294967278,361
38,4
38,3
38,2
38,1
4294967279,557
4294967279,556
4294967278,360
4294967279,555
37,5
4294967279,554
37,4
37,3
37,2
37,1
4294967279,553
36,5
36,4
36,3
36,2
36,1
4294967279,552
35,4
35,3
35,2
35,1
34,4
34,3
34,2
34,1
4294967294,1418
4294967294,1417
33,6
4294967278,359
4294967279,551
4294967279,550
33,5
33,4
33,3
33,2
33,1
4294967278,358
4294967278,357
4294967278,356
32,5
32,4
32,3
32,2
32,1
4294967279,549
4294967278,355
4294967279,548
4294967278,354
4294967279,547
31,5
31,4
31,3
31,2
31,1
4294967278,353
4294967278,352
30,5
30,4
30,3
30,2
30,1
4294967279,546
29,4
29,3
29,2
29,1
4294967278,351
4294967278,350
4294967279,545
4294967278,349
4294967279,544
4294967278,348
4294967278,347
4294967279,543
4294967279,542
4294967278,346
4294967279,541
4294967278,345
4294967278,344
4294967279,540
4294967279,539
4294967279,538
4294967278,343
28,4
28,3
28,2
28,1
4294967278,342
4294967278,341
27,6
4294967278,340
4294967279,537
27,5
27,4
27,3
27,2
27,1
4294967279,536
4294967278,339
26,5
26,4
26,3
26,2
26,1
4294967278,338
4294967279,535
4294967278,337
4294967279,534
25,5
25,4
25,3
25,2
25,1
24,5
24,4
24,3
24,2
24,1
23,4
23,3
23,2
23,1
4294967279,533
4294967279,532
4294967278,336
4294967278,335
4294967293,131
4294967293,130
4294967293,129
4294967293,128
4294967293,127
4294967293,126
4294967293,125
4294967293,124
4294967293,123
4294967293,122
4294967293,121
4294967293,120
4294967293,119
4294967293,118
4294967293,117
4294967293,116
4294967293,115
4294967293,114
4294967293,113
4294967293,112
4294967293,111
4294967293,110
4294967293,109
4294967293,108
4294967293,107
4294967293,106
4294967293,105
4294967293,104
4294967293,103
4294967293,102
4294967293,101
4294967293,100
4294967293,99
4294967293,98
4294967293,97
4294967293,96
4294967293,95
4294967293,94
4294967293,93
4294967293,92
4294967293,91
4294967293,90
4294967293,89
4294967293,88
4294967293,87
4294967293,86
4294967293,85
4294967293,84
4294967293,83
4294967293,82
4294967293,81
4294967293,80
4294967293,79
4294967293,78
4294967293,77
4294967293,76
4294967293,75
4294967293,74
4294967293,73
4294967293,72
4294967293,71
4294967293,70
4294967293,69
4294967293,68
4294967293,67
4294967293,66
4294967293,65
4294967293,64
4294967293,63
4294967293,62
4294967293,61
4294967293,60
4294967293,59
4294967293,58
4294967293,57
4294967293,56
4294967293,55
4294967293,54
4294967293,53
4294967293,52
4294967293,51
4294967293,50
4294967293,49
4294967293,48
4294967293,47
4294967293,46
4294967293,45
4294967293,44
4294967293,43
4294967293,42
4294967293,41
4294967293,40
4294967293,39
4294967293,38
4294967293,37
4294967293,36
4294967293,35
4294967293,34
4294967293,33
4294967293,32
4294967293,31
4294967293,30
4294967293,29
4294967293,28
4294967293,27
4294967293,26
4294967293,25
4294967293,24
4294967293,23
